trunk = [0.03617924 -0.00000701 -0.00001764;
         -0.00000701 0.01247546 0.00451456;
         -0.00001764 0.00451456 0.03954926];
 
a1 = trunk*rotx(90)     
a2 = trunk*roty(90)
a3 = trunk*rotz(90)