%%% CREATE UXA SAM CONFIG
LowerLimit = [3600 3600 500 3600 500 3600 3600 500 500 500 500 500];
StandupPos = [2051 2044 2046 2065 762 3198 1479 2593 2025 2082 2068 2058];
UpperLimit = [500 500 3600 500 3600 500 500 3600 3600 3600 3600 3600];
Dirrect = [-1 -1 1 -1 1 -1 -1 1 1 1 1 1];
SAM_CONFIG10BIT = [LowerLimit;StandupPos;UpperLimit;Dirrect];
